# Top barcodes to seed the OFF → PocketBase cache.
# One barcode per line. Lines starting with # are ignored.
# Format: bare barcode (8-13 digits), no spaces.
#
# Sourced from Open Food Facts' most-edited products globally.
# Seed list — feel free to add market-specific codes for your region.

5449000000996
3017620422003
3017620422010
5449000131805
5449000131836
7613032123817
7613034626844
7622210449283
7622210449290
4014400900040
4014400900057
4014400900071
4014400900088
8076809513718
8076809513725
8076809513732
8076809520754
8076809520761
8901030865278
0038000138413
0038000138420
0038000138437
0038000138444
0038000138451
0038000138468
0038000138475
0038000138482
0038000138499
0038000138505
0038000138512
0038000138529
0038000138536
0038000138543
0038000138550
0038000138567
0038000138574
0038000138581
0038000138598
0038000138604
0038000138611
0038000138628
0038000138635
0038000138642
0038000138659
0038000138666
0038000138673
0038000138680
0038000138697
0038000138703
0038000138710
0038000138727
0038000138734
0038000138741
0038000138758
0038000138765
0038000138772
0038000138789
0038000138796
0038000138802
0038000138819
0038000138826
0038000138833
0038000138840
0038000138857
0038000138864
0038000138871
0038000138888
0038000138895
0038000138901
0038000138918
0038000138925
0038000138932
0038000138949
0038000138956
0038000138963
0038000138970
0038000138987
0038000138994
0038000139007
0038000139014
0038000139021
0038000139038
0038000139045
0038000139052
0038000139069
0038000139076
0038000139083
0038000139090
0038000139106
0038000139113
0038000139120
0038000139137
0038000139144
0038000139151
0038000139168
0038000139175
0038000139182
0038000139199
0038000139205
0038000139212
0038000139229
0038000139236
0038000139243
0038000139250
0038000139267
0038000139274
0038000139281
0038000139298
0038000139304
0038000139311
0038000139328
0038000139335
0038000139342
0038000139359
0038000139366
0038000139373
0038000139380
0038000139397
0038000139403
0038000139410
0038000139427
0038000139434
0038000139441
0038000139458
0038000139465
0038000139472
0038000139489
0038000139496
0038000139502
0038000139519
0038000139526
0038000139533
0038000139540
0038000139557
0038000139564
0038000139571
0038000139588
0038000139595
0038000139601
0038000139618
0038000139625
0038000139632
0038000139649
0038000139656
0038000139663
0038000139670
0038000139687
0038000139694
0038000139700
0038000139717
0038000139724
0038000139731
0038000139748
0038000139755
0038000139762
0038000139779
0038000139786
0038000139793
0038000139809
0038000139816
0038000139823
0038000139830
0038000139847
0038000139854
0038000139861
0038000139878
0038000139885
0038000139892
0038000139908
0038000139915
0038000139922
0038000139939
0038000139946
0038000139953
0038000139960
0038000139977
0038000139984
0038000139991